seed,model_name,sample_id,true_label,predicted_label
10,decision_tree,1223,5,5
10,decision_tree,11769,3,3
10,decision_tree,12059,3,3
10,decision_tree,7126,4,4
10,decision_tree,638,5,5
10,decision_tree,13211,3,3
10,decision_tree,12549,3,3
10,decision_tree,10682,3,3
10,decision_tree,2639,0,0
10,decision_tree,11764,3,3
10,decision_tree,10311,3,3
10,decision_tree,1606,5,5
10,decision_tree,10888,3,3
10,decision_tree,13206,3,3
10,decision_tree,1755,5,5
10,decision_tree,8677,6,6
10,decision_tree,6761,4,4
10,decision_tree,10611,3,3
10,decision_tree,13061,3,3
10,decision_tree,9005,6,6
10,decision_tree,10789,3,3
10,decision_tree,7761,6,3
10,decision_tree,289,5,5
10,decision_tree,12370,3,3
10,decision_tree,6968,4,4
10,decision_tree,1721,5,5
10,decision_tree,6805,4,4
10,decision_tree,1890,5,5
10,decision_tree,3758,1,1
10,decision_tree,6354,4,4
10,decision_tree,9741,6,6
10,decision_tree,5171,2,2
10,decision_tree,2726,0,0
10,decision_tree,50,5,5
10,decision_tree,7845,6,6
10,decision_tree,2257,0,0
10,decision_tree,11131,3,3
10,decision_tree,4829,2,2
10,decision_tree,9577,6,6
10,decision_tree,8329,6,6
10,decision_tree,6061,4,4
10,decision_tree,3405,1,1
10,decision_tree,1795,5,5
10,decision_tree,6510,4,4
10,decision_tree,2322,0,0
10,decision_tree,7750,6,6
10,decision_tree,6779,4,4
10,decision_tree,8012,6,6
10,decision_tree,1844,5,6
10,decision_tree,8476,6,6
10,decision_tree,9209,6,6
10,decision_tree,2008,5,0
10,decision_tree,3792,1,1
10,decision_tree,1169,5,5
10,decision_tree,13514,3,6
10,decision_tree,6575,4,2
10,decision_tree,9409,6,6
10,decision_tree,4500,2,2
10,decision_tree,3558,1,1
10,decision_tree,5069,2,2
10,decision_tree,12381,3,6
10,decision_tree,11994,3,3
10,decision_tree,5312,2,2
10,decision_tree,2736,0,0
10,decision_tree,3509,1,1
10,decision_tree,6516,4,4
10,decision_tree,2591,0,2
10,decision_tree,5599,4,3
10,decision_tree,3976,2,4
10,decision_tree,4781,2,2
10,decision_tree,7684,6,3
10,decision_tree,4534,2,2
10,decision_tree,112,5,5
10,decision_tree,3984,2,2
10,decision_tree,4000,2,0
10,decision_tree,7209,4,4
10,decision_tree,6790,4,4
10,decision_tree,1276,5,5
10,decision_tree,3316,0,0
10,decision_tree,12377,3,3
10,decision_tree,10403,3,3
10,decision_tree,886,5,5
10,decision_tree,6246,4,4
10,decision_tree,13071,3,3
10,decision_tree,11246,3,3
10,decision_tree,3103,0,0
10,decision_tree,12789,3,3
10,decision_tree,5647,4,4
10,decision_tree,4532,2,2
10,decision_tree,228,5,5
10,decision_tree,11230,3,3
10,decision_tree,12610,3,3
10,decision_tree,1812,5,5
10,decision_tree,7267,4,2
10,decision_tree,6490,4,4
10,decision_tree,3497,1,1
10,decision_tree,10529,3,3
10,decision_tree,2832,0,0
10,decision_tree,875,5,5
10,decision_tree,8611,6,6
10,decision_tree,11553,3,3
10,decision_tree,2303,0,0
10,decision_tree,5825,4,4
10,decision_tree,9570,6,6
10,decision_tree,10163,3,3
10,decision_tree,4732,2,2
10,decision_tree,12784,3,3
10,decision_tree,3970,2,2
10,decision_tree,3821,1,1
10,decision_tree,8999,6,6
10,decision_tree,5087,2,2
10,decision_tree,8917,6,5
10,decision_tree,12089,3,3
10,decision_tree,2897,0,0
10,decision_tree,8019,6,6
10,decision_tree,4834,2,2
10,decision_tree,11272,3,3
10,decision_tree,8362,6,6
10,decision_tree,12012,3,3
10,decision_tree,8605,6,6
10,decision_tree,12760,3,3
10,decision_tree,5011,2,2
10,decision_tree,12551,3,3
10,decision_tree,10109,3,3
10,decision_tree,2310,0,0
10,decision_tree,13491,3,6
10,decision_tree,2790,0,0
10,decision_tree,2433,0,0
10,decision_tree,10036,3,3
10,decision_tree,6497,4,4
10,decision_tree,6191,4,4
10,decision_tree,12253,3,3
10,decision_tree,8690,6,6
10,decision_tree,8795,6,6
10,decision_tree,9949,6,6
10,decision_tree,10625,3,3
10,decision_tree,8144,6,6
10,decision_tree,5982,4,4
10,decision_tree,12828,3,3
10,decision_tree,6198,4,4
10,decision_tree,7633,6,3
10,decision_tree,551,5,5
10,decision_tree,1658,5,5
10,decision_tree,2802,0,0
10,decision_tree,8760,6,6
10,decision_tree,10689,3,3
10,decision_tree,5571,4,4
10,decision_tree,12304,3,3
10,decision_tree,7923,6,5
10,decision_tree,5197,2,2
10,decision_tree,13409,3,3
10,decision_tree,12169,3,3
10,decision_tree,6348,4,4
10,decision_tree,3683,1,1
10,decision_tree,9767,6,6
10,decision_tree,5295,2,2
10,decision_tree,8782,6,6
10,decision_tree,5504,4,3
10,decision_tree,11688,3,3
10,decision_tree,13118,3,3
10,decision_tree,4152,2,2
10,decision_tree,11042,3,3
10,decision_tree,1685,5,5
10,decision_tree,9343,6,6
10,decision_tree,4140,2,2
10,decision_tree,7372,6,3
10,decision_tree,7595,6,3
10,decision_tree,7588,6,6
10,decision_tree,5721,4,4
10,decision_tree,4761,2,2
10,decision_tree,8620,6,6
10,decision_tree,848,5,5
10,decision_tree,5979,4,4
10,decision_tree,8874,6,6
10,decision_tree,3437,1,1
10,decision_tree,11773,3,3
10,decision_tree,12214,3,3
10,decision_tree,8649,6,6
10,decision_tree,6668,4,4
10,decision_tree,2862,0,0
10,decision_tree,4590,2,2
10,decision_tree,433,5,5
10,decision_tree,13499,3,3
10,decision_tree,3563,1,1
10,decision_tree,10697,3,3
10,decision_tree,241,5,5
10,decision_tree,9111,6,6
10,decision_tree,3771,1,1
10,decision_tree,788,5,5
10,decision_tree,9385,6,6
10,decision_tree,2918,0,0
10,decision_tree,2157,0,0
10,decision_tree,2573,0,2
10,decision_tree,12497,3,3
10,decision_tree,4787,2,2
10,decision_tree,7074,4,4
10,decision_tree,12321,3,3
10,decision_tree,5274,2,2
10,decision_tree,12656,3,3
10,decision_tree,6552,4,4
10,decision_tree,323,5,5
10,decision_tree,7455,6,6
10,decision_tree,823,5,5
10,decision_tree,12158,3,3
10,decision_tree,8119,6,6
10,decision_tree,4146,2,2
10,decision_tree,11600,3,3
10,decision_tree,266,5,5
10,decision_tree,11911,3,3
10,decision_tree,8319,6,6
10,decision_tree,9860,6,6
10,decision_tree,12176,3,3
10,decision_tree,12318,3,3
10,decision_tree,550,5,5
10,decision_tree,8702,6,6
10,decision_tree,4021,2,2
10,decision_tree,12935,3,6
10,decision_tree,7604,6,6
10,decision_tree,13412,3,3
10,decision_tree,2496,0,0
10,decision_tree,11670,3,3
10,decision_tree,1336,5,5
10,decision_tree,5411,2,2
10,decision_tree,11286,3,3
10,decision_tree,13213,3,6
10,decision_tree,1364,5,5
10,decision_tree,699,5,5
10,decision_tree,5880,4,4
10,decision_tree,6278,4,2
10,decision_tree,11064,3,3
10,decision_tree,9334,6,6
10,decision_tree,7880,6,3
10,decision_tree,2577,0,0
10,decision_tree,12434,3,3
10,decision_tree,13081,3,3
10,decision_tree,11805,3,3
10,decision_tree,10885,3,3
10,decision_tree,10948,3,3
10,decision_tree,3713,1,1
10,decision_tree,3273,0,0
10,decision_tree,12642,3,5
10,decision_tree,11736,3,3
10,decision_tree,822,5,5
10,decision_tree,6775,4,4
10,decision_tree,9171,6,6
10,decision_tree,1346,5,3
10,decision_tree,9903,6,6
10,decision_tree,3719,1,1
10,decision_tree,3181,0,0
10,decision_tree,11410,3,3
10,decision_tree,9114,6,6
10,decision_tree,13039,3,3
10,decision_tree,4462,2,4
10,decision_tree,1193,5,5
10,decision_tree,600,5,5
10,decision_tree,3880,2,6
10,decision_tree,4879,2,2
10,decision_tree,2547,0,0
10,decision_tree,1623,5,5
10,decision_tree,7441,6,3
10,decision_tree,12503,3,3
10,decision_tree,1876,5,5
10,decision_tree,6669,4,4
10,decision_tree,10365,3,3
10,decision_tree,7906,6,3
10,decision_tree,3575,1,1
10,decision_tree,6132,4,6
10,decision_tree,2650,0,0
10,decision_tree,6667,4,4
10,decision_tree,2372,0,0
10,decision_tree,2890,0,0
10,decision_tree,6024,4,4
10,decision_tree,9170,6,6
10,decision_tree,6568,4,4
10,decision_tree,11085,3,3
10,decision_tree,8002,6,3
10,decision_tree,4026,2,2
10,decision_tree,11059,3,3
10,decision_tree,9573,6,6
10,decision_tree,7638,6,3
10,decision_tree,4721,2,2
10,decision_tree,9030,6,6
10,decision_tree,10516,3,3
10,decision_tree,11120,3,3
10,decision_tree,2796,0,0
10,decision_tree,2161,0,2
10,decision_tree,83,5,5
10,decision_tree,7742,6,6
10,decision_tree,1773,5,5
10,decision_tree,10231,3,3
10,decision_tree,8006,6,3
10,decision_tree,652,5,5
10,decision_tree,9336,6,6
10,decision_tree,5466,2,2
10,decision_tree,7144,4,2
10,decision_tree,6762,4,4
10,decision_tree,4234,2,2
10,decision_tree,3697,1,1
10,decision_tree,11360,3,3
10,decision_tree,10869,3,3
10,decision_tree,11486,3,3
10,decision_tree,1309,5,5
10,decision_tree,2619,0,2
10,decision_tree,3207,0,0
10,decision_tree,5246,2,2
10,decision_tree,4845,2,2
10,decision_tree,6632,4,4
10,decision_tree,3395,1,1
10,decision_tree,8840,6,6
10,decision_tree,5731,4,4
10,decision_tree,1293,5,5
10,decision_tree,5200,2,2
10,decision_tree,3364,1,1
10,decision_tree,6197,4,4
10,decision_tree,5218,2,2
10,decision_tree,3485,1,1
10,decision_tree,6178,4,4
10,decision_tree,320,5,5
10,decision_tree,7727,6,6
10,decision_tree,4056,2,2
10,decision_tree,8116,6,6
10,decision_tree,1100,5,5
10,decision_tree,12185,3,3
10,decision_tree,6656,4,4
10,decision_tree,93,5,5
10,decision_tree,2177,0,0
10,decision_tree,5123,2,2
10,decision_tree,6738,4,4
10,decision_tree,5590,4,4
10,decision_tree,7907,6,6
10,decision_tree,5651,4,4
10,decision_tree,874,5,5
10,decision_tree,6509,4,4
10,decision_tree,1823,5,5
10,decision_tree,2028,0,3
10,decision_tree,10184,3,3
10,decision_tree,6463,4,4
10,decision_tree,8380,6,6
10,decision_tree,9757,6,6
10,decision_tree,12406,3,3
10,decision_tree,7279,4,2
10,decision_tree,6879,4,4
10,decision_tree,5350,2,2
10,decision_tree,10101,3,3
10,decision_tree,5519,4,4
10,decision_tree,10424,3,3
10,decision_tree,6770,4,4
10,decision_tree,9200,6,6
10,decision_tree,3022,0,0
10,decision_tree,8183,6,6
10,decision_tree,301,5,5
10,decision_tree,797,5,5
10,decision_tree,1853,5,5
10,decision_tree,3159,0,0
10,decision_tree,10212,3,3
10,decision_tree,7368,6,3
10,decision_tree,3678,1,1
10,decision_tree,4904,2,2
10,decision_tree,5754,4,4
10,decision_tree,6692,4,4
10,decision_tree,7938,6,6
10,decision_tree,9254,6,6
10,decision_tree,8943,6,6
10,decision_tree,6304,4,4
10,decision_tree,274,5,5
10,decision_tree,13256,3,3
10,decision_tree,8906,6,6
10,decision_tree,12339,3,6
10,decision_tree,4557,2,2
10,decision_tree,11589,3,3
10,decision_tree,1702,5,5
10,decision_tree,9291,6,6
10,decision_tree,8549,6,6
10,decision_tree,3043,0,0
10,decision_tree,12691,3,3
10,decision_tree,3078,0,0
10,decision_tree,8909,6,6
10,decision_tree,12204,3,3
10,decision_tree,6882,4,4
10,decision_tree,12777,3,3
10,decision_tree,2040,0,6
10,decision_tree,10427,3,3
10,decision_tree,1367,5,5
10,decision_tree,6731,4,4
10,decision_tree,3278,0,0
10,decision_tree,5545,4,4
10,decision_tree,12383,3,3
10,decision_tree,4712,2,2
10,decision_tree,2769,0,0
10,decision_tree,3649,1,1
10,decision_tree,10612,3,3
10,decision_tree,5452,2,0
10,decision_tree,10970,3,3
10,decision_tree,12003,3,3
10,decision_tree,3039,0,0
10,decision_tree,11920,3,3
10,decision_tree,10925,3,3
10,decision_tree,6044,4,4
10,decision_tree,7642,6,6
10,decision_tree,5027,2,2
10,decision_tree,6641,4,4
10,decision_tree,12075,3,3
10,decision_tree,8184,6,6
10,decision_tree,7832,6,3
10,decision_tree,700,5,5
10,decision_tree,10471,3,3
10,decision_tree,12825,3,3
10,decision_tree,8730,6,6
10,decision_tree,9276,6,6
10,decision_tree,9954,6,6
10,decision_tree,1176,5,5
10,decision_tree,7967,6,6
10,decision_tree,10496,3,3
10,decision_tree,5986,4,4
10,decision_tree,10208,3,3
10,decision_tree,5117,2,2
10,decision_tree,8191,6,6
10,decision_tree,9054,6,5
10,decision_tree,5467,2,2
10,decision_tree,5882,4,4
10,decision_tree,10677,3,3
10,decision_tree,12652,3,3
10,decision_tree,11346,3,3
10,decision_tree,12649,3,6
10,decision_tree,4622,2,2
10,decision_tree,10323,3,3
10,decision_tree,705,5,5
10,decision_tree,2824,0,0
10,decision_tree,7276,4,4
10,decision_tree,5252,2,2
10,decision_tree,4448,2,2
10,decision_tree,9905,6,6
10,decision_tree,7870,6,6
10,decision_tree,11096,3,3
10,decision_tree,3087,0,0
10,decision_tree,4391,2,2
10,decision_tree,2216,0,0
10,decision_tree,8668,6,6
10,decision_tree,12735,3,3
10,decision_tree,3052,0,0
10,decision_tree,74,5,5
10,decision_tree,1656,5,5
10,decision_tree,1343,5,5
10,decision_tree,6685,4,4
10,decision_tree,2170,0,0
10,decision_tree,8355,6,6
10,decision_tree,5961,4,4
10,decision_tree,339,5,5
10,decision_tree,2669,0,0
10,decision_tree,4163,2,0
10,decision_tree,11694,3,3
10,decision_tree,688,5,5
10,decision_tree,11101,3,3
10,decision_tree,11387,3,3
10,decision_tree,5015,2,2
10,decision_tree,8557,6,6
10,decision_tree,467,5,5
10,decision_tree,4194,2,2
10,decision_tree,13158,3,3
10,decision_tree,8239,6,6
10,decision_tree,7770,6,6
10,decision_tree,13351,3,6
10,decision_tree,9316,6,6
10,decision_tree,454,5,5
10,decision_tree,9732,6,6
10,decision_tree,2047,0,5
10,decision_tree,12892,3,3
10,decision_tree,8901,6,6
10,decision_tree,13127,3,6
10,decision_tree,9426,6,6
10,decision_tree,5387,2,2
10,decision_tree,6587,4,4
10,decision_tree,4297,2,2
10,decision_tree,4842,2,2
10,decision_tree,6356,4,4
10,decision_tree,7541,6,3
10,decision_tree,11743,3,3
10,decision_tree,2430,0,0
10,decision_tree,1726,5,0
10,decision_tree,2668,0,0
10,decision_tree,325,5,5
10,decision_tree,10976,3,3
10,decision_tree,9977,6,0
10,decision_tree,12747,3,6
10,decision_tree,11073,3,3
10,decision_tree,1320,5,5
10,decision_tree,3199,0,0
10,decision_tree,13164,3,5
10,decision_tree,3065,0,2
10,decision_tree,2482,0,0
10,decision_tree,3739,1,1
10,decision_tree,5188,2,2
10,decision_tree,2986,0,0
10,decision_tree,11979,3,3
10,decision_tree,5946,4,4
10,decision_tree,12472,3,3
10,decision_tree,4267,2,2
10,decision_tree,400,5,5
10,decision_tree,593,5,5
10,decision_tree,3826,1,1
10,decision_tree,3047,0,0
10,decision_tree,11124,3,3
10,decision_tree,9595,6,6
10,decision_tree,6926,4,4
10,decision_tree,8594,6,6
10,decision_tree,11516,3,3
10,decision_tree,11819,3,3
10,decision_tree,9546,6,6
10,decision_tree,614,5,5
10,decision_tree,12597,3,5
10,decision_tree,5934,4,4
10,decision_tree,10019,3,3
10,decision_tree,11929,3,3
10,decision_tree,10644,3,3
10,decision_tree,12921,3,3
10,decision_tree,6625,4,4
10,decision_tree,1778,5,5
10,decision_tree,13073,3,3
10,decision_tree,966,5,5
10,decision_tree,6362,4,4
10,decision_tree,5899,4,4
10,decision_tree,10108,3,3
10,decision_tree,691,5,5
10,decision_tree,2048,0,6
10,decision_tree,2091,0,0
10,decision_tree,9750,6,6
10,decision_tree,4621,2,2
10,decision_tree,322,5,5
10,decision_tree,6824,4,4
10,decision_tree,2818,0,0
10,decision_tree,6321,4,4
10,decision_tree,13374,3,3
10,decision_tree,1767,5,5
10,decision_tree,12000,3,3
10,decision_tree,9749,6,6
10,decision_tree,8657,6,6
10,decision_tree,13523,3,3
10,decision_tree,9021,6,6
10,decision_tree,13293,3,3
10,decision_tree,820,5,5
10,decision_tree,9814,6,6
10,decision_tree,1648,5,5
10,decision_tree,6604,4,4
10,decision_tree,5794,4,4
10,decision_tree,4757,2,2
10,decision_tree,10868,3,3
10,decision_tree,11626,3,3
10,decision_tree,4213,2,2
10,decision_tree,8123,6,6
10,decision_tree,3724,1,1
10,decision_tree,3827,1,1
10,decision_tree,13542,3,6
10,decision_tree,461,5,5
10,decision_tree,2883,0,2
10,decision_tree,3374,1,1
10,decision_tree,12933,3,3
10,decision_tree,2289,0,0
10,decision_tree,48,5,5
10,decision_tree,9050,6,6
10,decision_tree,5751,4,4
10,decision_tree,10039,3,3
10,decision_tree,3618,1,1
10,decision_tree,4812,2,2
10,decision_tree,7509,6,6
10,decision_tree,11846,3,3
10,decision_tree,1102,5,5
10,decision_tree,3210,0,0
10,decision_tree,6052,4,4
10,decision_tree,7235,4,4
10,decision_tree,6582,4,4
10,decision_tree,8180,6,6
10,decision_tree,6677,4,4
10,decision_tree,10286,3,3
10,decision_tree,9117,6,6
10,decision_tree,11079,3,3
10,decision_tree,4451,2,2
10,decision_tree,851,5,5
10,decision_tree,8076,6,6
10,decision_tree,154,5,5
10,decision_tree,12327,3,6
10,decision_tree,2428,0,0
10,decision_tree,10274,3,5
10,decision_tree,12456,3,3
10,decision_tree,7626,6,3
10,decision_tree,6921,4,4
10,decision_tree,5192,2,2
10,decision_tree,4168,2,2
10,decision_tree,2224,0,0
10,decision_tree,1209,5,5
10,decision_tree,13234,3,3
10,decision_tree,11177,3,3
10,decision_tree,22,5,5
10,decision_tree,4789,2,2
10,decision_tree,8855,6,5
10,decision_tree,12148,3,3
10,decision_tree,5308,2,2
10,decision_tree,11984,3,3
10,decision_tree,9159,6,6
10,decision_tree,3192,0,0
10,decision_tree,2511,0,0
10,decision_tree,5248,2,2
10,decision_tree,11121,3,3
10,decision_tree,6194,4,4
10,decision_tree,9148,6,6
10,decision_tree,9540,6,6
10,decision_tree,5697,4,4
10,decision_tree,1729,5,5
10,decision_tree,712,5,5
10,decision_tree,10221,3,3
10,decision_tree,9893,6,6
10,decision_tree,12820,3,3
10,decision_tree,1236,5,5
10,decision_tree,7995,6,6
10,decision_tree,12445,3,3
10,decision_tree,988,5,5
10,decision_tree,4182,2,2
10,decision_tree,6566,4,4
10,decision_tree,11623,3,3
10,decision_tree,2672,0,0
10,decision_tree,4983,2,2
10,decision_tree,5100,2,2
10,decision_tree,7702,6,3
10,decision_tree,5592,4,4
10,decision_tree,376,5,5
10,decision_tree,10670,3,3
10,decision_tree,2080,0,5
10,decision_tree,12466,3,3
10,decision_tree,11957,3,3
10,decision_tree,8190,6,6
10,decision_tree,4902,2,2
10,decision_tree,13494,3,3
10,decision_tree,10671,3,3
10,decision_tree,3531,1,1
10,decision_tree,10354,3,5
10,decision_tree,9191,6,6
10,decision_tree,7631,6,6
10,decision_tree,11102,3,3
10,decision_tree,8473,6,6
10,decision_tree,1640,5,5
10,decision_tree,1699,5,6
10,decision_tree,11290,3,3
10,decision_tree,2012,5,5
10,decision_tree,996,5,5
10,decision_tree,9720,6,6
10,decision_tree,6695,4,4
10,decision_tree,6693,4,4
10,decision_tree,10661,3,3
10,decision_tree,7452,6,3
10,decision_tree,5228,2,2
10,decision_tree,12405,3,5
10,decision_tree,529,5,5
10,decision_tree,1943,5,5
10,decision_tree,8378,6,6
10,decision_tree,9444,6,6
10,decision_tree,11585,3,3
10,decision_tree,6245,4,4
10,decision_tree,3666,1,1
10,decision_tree,809,5,5
10,decision_tree,7753,6,6
10,decision_tree,2256,0,0
10,decision_tree,8618,6,6
10,decision_tree,13484,3,3
10,decision_tree,2710,0,2
10,decision_tree,4364,2,2
10,decision_tree,4501,2,2
10,decision_tree,326,5,5
10,decision_tree,5807,4,4
10,decision_tree,5057,2,2
10,decision_tree,8975,6,4
10,decision_tree,12724,3,3
10,decision_tree,7898,6,6
10,decision_tree,9269,6,6
10,decision_tree,7481,6,3
10,decision_tree,11749,3,3
10,decision_tree,13122,3,3
10,decision_tree,12829,3,3
10,decision_tree,9132,6,6
10,decision_tree,6400,4,4
10,decision_tree,352,5,5
10,decision_tree,4360,2,2
10,decision_tree,12604,3,3
10,decision_tree,7628,6,5
10,decision_tree,4561,2,2
10,decision_tree,1315,5,3
10,decision_tree,2537,0,0
10,decision_tree,140,5,5
10,decision_tree,7054,4,4
10,decision_tree,9636,6,6
10,decision_tree,11377,3,3
10,decision_tree,10943,3,3
10,decision_tree,5072,2,2
10,decision_tree,8026,6,6
10,decision_tree,8646,6,6
10,decision_tree,7434,6,3
10,decision_tree,869,5,5
10,decision_tree,7340,4,2
10,decision_tree,13150,3,3
10,decision_tree,9911,6,4
10,decision_tree,9951,6,6
10,decision_tree,955,5,5
10,decision_tree,5525,4,4
10,decision_tree,12632,3,3
10,decision_tree,4340,2,0
10,decision_tree,6073,4,4
10,decision_tree,6416,4,4
10,decision_tree,1150,5,5
10,decision_tree,10815,3,3
10,decision_tree,10655,3,3
10,decision_tree,8289,6,6
10,decision_tree,10909,3,3
10,decision_tree,11461,3,3
10,decision_tree,5187,2,2
10,decision_tree,1013,5,5
10,decision_tree,8798,6,6
10,decision_tree,7125,4,4
10,decision_tree,7505,6,3
10,decision_tree,4906,2,2
10,decision_tree,1067,5,3
10,decision_tree,9245,6,6
10,decision_tree,7457,6,3
10,decision_tree,2464,0,0
10,decision_tree,2978,0,0
10,decision_tree,13396,3,6
10,decision_tree,12758,3,3
10,decision_tree,7659,6,6
10,decision_tree,9199,6,6
10,decision_tree,5656,4,4
10,decision_tree,8471,6,2
10,decision_tree,7518,6,6
10,decision_tree,9204,6,6
10,decision_tree,375,5,5
10,decision_tree,414,5,5
10,decision_tree,9342,6,6
10,decision_tree,9197,6,6
10,decision_tree,1269,5,5
10,decision_tree,2983,0,0
10,decision_tree,8392,6,6
10,decision_tree,2468,0,0
10,decision_tree,9089,6,6
10,decision_tree,9162,6,6
10,decision_tree,3157,0,0
10,decision_tree,4205,2,2
10,decision_tree,1386,5,5
10,decision_tree,9509,6,5
10,decision_tree,9309,6,6
10,decision_tree,1963,5,5
10,decision_tree,10859,3,3
10,decision_tree,3236,0,0
10,decision_tree,9469,6,6
10,decision_tree,4686,2,2
10,decision_tree,11672,3,3
10,decision_tree,9226,6,6
10,decision_tree,11211,3,3
10,decision_tree,626,5,3
10,decision_tree,453,5,5
10,decision_tree,9255,6,6
10,decision_tree,7063,4,4
10,decision_tree,2020,5,5
10,decision_tree,8568,6,6
10,decision_tree,4880,2,2
10,decision_tree,4707,2,2
10,decision_tree,10857,3,3
10,decision_tree,13519,3,6
10,decision_tree,9223,6,6
10,decision_tree,12676,3,6
10,decision_tree,7955,6,6
10,decision_tree,5402,2,2
10,decision_tree,6993,4,4
10,decision_tree,9006,6,6
10,decision_tree,1627,5,5
10,decision_tree,9583,6,6
10,decision_tree,1651,5,6
10,decision_tree,6486,4,4
10,decision_tree,5922,4,4
10,decision_tree,9556,6,6
10,decision_tree,511,5,5
10,decision_tree,4651,2,2
10,decision_tree,1558,5,5
10,decision_tree,4368,2,2
10,decision_tree,7218,4,6
10,decision_tree,8977,6,6
10,decision_tree,7284,4,4
10,decision_tree,13474,3,3
10,decision_tree,13316,3,6
10,decision_tree,4374,2,2
10,decision_tree,6599,4,4
10,decision_tree,6745,4,4
10,decision_tree,9437,6,6
10,decision_tree,3382,1,1
10,decision_tree,11806,3,3
10,decision_tree,13440,3,6
10,decision_tree,12581,3,3
10,decision_tree,3676,1,1
10,decision_tree,9755,6,5
10,decision_tree,9457,6,6
10,decision_tree,10114,3,3
10,decision_tree,12915,3,3
10,decision_tree,12955,3,3
10,decision_tree,8706,6,6
10,decision_tree,12746,3,3
10,decision_tree,6988,4,4
10,decision_tree,13301,3,3
10,decision_tree,8021,6,6
10,decision_tree,176,5,5
10,decision_tree,8122,6,6
10,decision_tree,6116,4,4
10,decision_tree,3869,1,1
10,decision_tree,7207,4,4
10,decision_tree,13460,3,5
10,decision_tree,9651,6,0
10,decision_tree,7327,4,4
10,decision_tree,7833,6,6
10,decision_tree,5114,2,2
10,decision_tree,7815,6,6
10,decision_tree,2774,0,0
10,decision_tree,183,5,5
10,decision_tree,12201,3,3
10,decision_tree,4581,2,2
10,decision_tree,8121,6,6
10,decision_tree,2370,0,0
10,decision_tree,5145,2,2
10,decision_tree,12957,3,3
10,decision_tree,9076,6,2
10,decision_tree,4243,2,2
10,decision_tree,5396,2,2
10,decision_tree,4400,2,2
10,decision_tree,12880,3,5
10,decision_tree,8822,6,5
10,decision_tree,2654,0,0
10,decision_tree,5135,2,2
10,decision_tree,2406,0,0
10,decision_tree,7453,6,3
10,decision_tree,5933,4,4
10,decision_tree,10798,3,3
10,decision_tree,716,5,5
10,decision_tree,12137,3,3
10,decision_tree,889,5,5
10,decision_tree,12419,3,3
10,decision_tree,9756,6,6
10,decision_tree,2178,0,0
10,decision_tree,9819,6,6
10,decision_tree,1763,5,5
10,decision_tree,6783,4,4
10,decision_tree,3184,0,0
10,decision_tree,9467,6,6
10,decision_tree,8610,6,6
10,decision_tree,4348,2,2
10,decision_tree,11421,3,3
10,decision_tree,133,5,5
10,decision_tree,11702,3,3
10,decision_tree,446,5,5
10,decision_tree,11621,3,3
10,decision_tree,12221,3,3
10,decision_tree,11853,3,3
10,decision_tree,9674,6,6
10,decision_tree,6799,4,4
10,decision_tree,5682,4,4
10,decision_tree,5194,2,2
10,decision_tree,10870,3,3
10,decision_tree,11655,3,3
10,decision_tree,10716,3,3
10,decision_tree,13091,3,3
10,decision_tree,7487,6,6
10,decision_tree,6424,4,4
10,decision_tree,7085,4,4
10,decision_tree,1707,5,5
10,decision_tree,3524,1,1
10,decision_tree,605,5,5
10,decision_tree,7152,4,4
10,decision_tree,8564,6,6
10,decision_tree,1670,5,5
10,decision_tree,8051,6,6
10,decision_tree,12480,3,3
10,decision_tree,2551,0,0
10,decision_tree,12233,3,3
10,decision_tree,13488,3,6
10,decision_tree,4174,2,2
10,decision_tree,7571,6,3
10,decision_tree,3392,1,1
10,decision_tree,9027,6,6
10,decision_tree,3134,0,0
10,decision_tree,11947,3,3
10,decision_tree,12521,3,3
10,decision_tree,13327,3,6
10,decision_tree,10990,3,3
10,decision_tree,6090,4,4
10,decision_tree,2493,0,0
10,decision_tree,3083,0,0
10,decision_tree,10940,3,3
10,decision_tree,7323,4,4
10,decision_tree,5782,4,4
10,decision_tree,4514,2,2
10,decision_tree,13418,3,6
10,decision_tree,3621,1,1
10,decision_tree,5115,2,2
10,decision_tree,3330,0,0
10,decision_tree,6460,4,4
10,decision_tree,5585,4,4
10,decision_tree,4454,2,2
10,decision_tree,1484,5,5
10,decision_tree,8652,6,6
10,decision_tree,5112,2,2
10,decision_tree,7131,4,4
10,decision_tree,5836,4,4
10,decision_tree,2429,0,0
10,decision_tree,6782,4,4
10,decision_tree,1141,5,5
10,decision_tree,6411,4,4
10,decision_tree,314,5,5
10,decision_tree,10973,3,3
10,decision_tree,8647,6,6
10,decision_tree,4953,2,2
10,decision_tree,804,5,5
10,decision_tree,5800,4,4
10,decision_tree,6934,4,4
10,decision_tree,10489,3,3
10,decision_tree,5479,2,2
10,decision_tree,465,5,5
10,decision_tree,4183,2,2
10,decision_tree,2233,0,0
10,decision_tree,248,5,5
10,decision_tree,13078,3,3
10,decision_tree,4215,2,2
10,decision_tree,13423,3,3
10,decision_tree,10416,3,3
10,decision_tree,10448,3,3
10,decision_tree,6612,4,4
10,decision_tree,8751,6,6
10,decision_tree,10664,3,3
10,decision_tree,9858,6,6
10,decision_tree,7190,4,4
10,decision_tree,10133,3,3
10,decision_tree,8860,6,6
10,decision_tree,6938,4,4
10,decision_tree,2139,0,0
10,decision_tree,12435,3,3
10,decision_tree,1428,5,5
10,decision_tree,5747,4,4
10,decision_tree,12599,3,3
10,decision_tree,11108,3,3
10,decision_tree,1616,5,5
10,decision_tree,5220,2,2
10,decision_tree,7426,6,3
10,decision_tree,4737,2,2
10,decision_tree,7828,6,6
10,decision_tree,682,5,5
10,decision_tree,11479,3,3
10,decision_tree,8259,6,6
10,decision_tree,10149,3,3
10,decision_tree,6554,4,0
10,decision_tree,6705,4,4
10,decision_tree,10521,3,3
10,decision_tree,12371,3,3
10,decision_tree,8793,6,6
10,decision_tree,12913,3,3
10,decision_tree,12667,3,3
10,decision_tree,1930,5,5
10,decision_tree,11720,3,5
10,decision_tree,10309,3,3
10,decision_tree,7446,6,3
10,decision_tree,2590,0,2
10,decision_tree,12891,3,3
10,decision_tree,13397,3,5
10,decision_tree,10006,3,3
10,decision_tree,9176,6,6
10,decision_tree,3653,1,1
10,decision_tree,12980,3,3
10,decision_tree,12780,3,3
10,decision_tree,4863,2,2
10,decision_tree,3536,1,1
10,decision_tree,12368,3,3
10,decision_tree,11313,3,3
10,decision_tree,6863,4,4
10,decision_tree,2627,0,0
10,decision_tree,4112,2,2
10,decision_tree,2515,0,0
10,decision_tree,6345,4,4
10,decision_tree,8571,6,6
10,decision_tree,1980,5,5
10,decision_tree,11235,3,3
10,decision_tree,5416,2,2
10,decision_tree,12515,3,3
10,decision_tree,5066,2,0
10,decision_tree,588,5,5
10,decision_tree,1175,5,5
10,decision_tree,11719,3,3
10,decision_tree,1880,5,5
10,decision_tree,127,5,5
10,decision_tree,8931,6,5
10,decision_tree,4178,2,0
10,decision_tree,2898,0,0
10,decision_tree,10578,3,3
10,decision_tree,4698,2,2
10,decision_tree,4068,2,2
10,decision_tree,13087,3,3
10,decision_tree,5516,4,6
10,decision_tree,2414,0,0
10,decision_tree,480,5,5
10,decision_tree,5053,2,2
10,decision_tree,12533,3,3
10,decision_tree,3173,0,0
10,decision_tree,604,5,5
10,decision_tree,557,5,5
10,decision_tree,7824,6,3
10,decision_tree,8163,6,6
10,decision_tree,6902,4,4
10,decision_tree,9648,6,6
10,decision_tree,1720,5,5
10,decision_tree,1066,5,5
10,decision_tree,8911,6,6
10,decision_tree,8232,6,6
10,decision_tree,2479,0,0
10,decision_tree,7992,6,6
10,decision_tree,12608,3,3
10,decision_tree,12772,3,5
10,decision_tree,13452,3,6
10,decision_tree,9046,6,6
10,decision_tree,10061,3,3
10,decision_tree,6283,4,4
10,decision_tree,13451,3,3
10,decision_tree,1478,5,5
10,decision_tree,12770,3,3
10,decision_tree,1666,5,5
10,decision_tree,10302,3,3
10,decision_tree,476,5,5
10,decision_tree,13170,3,3
10,decision_tree,4359,2,2
10,decision_tree,10681,3,3
10,decision_tree,5157,2,2
10,decision_tree,1235,5,5
10,decision_tree,1644,5,5
10,decision_tree,2213,0,0
10,decision_tree,12584,3,6
10,decision_tree,10821,3,3
10,decision_tree,2118,0,0
10,decision_tree,6391,4,4
10,decision_tree,1796,5,5
10,decision_tree,4875,2,2
10,decision_tree,11543,3,3
10,decision_tree,4684,2,2
10,decision_tree,2714,0,0
10,decision_tree,4396,2,2
10,decision_tree,12607,3,3
10,decision_tree,11789,3,3
10,decision_tree,10022,3,3
10,decision_tree,12009,3,3
10,decision_tree,4996,2,0
10,decision_tree,447,5,5
10,decision_tree,12654,3,6
10,decision_tree,12532,3,3
10,decision_tree,11478,3,3
10,decision_tree,8520,6,6
10,decision_tree,1684,5,5
10,decision_tree,7835,6,6
10,decision_tree,11225,3,3
10,decision_tree,267,5,5
10,decision_tree,6976,4,4
10,decision_tree,5580,4,4
10,decision_tree,1253,5,5
10,decision_tree,9851,6,6
10,decision_tree,3546,1,1
10,decision_tree,6060,4,4
10,decision_tree,6893,4,4
10,decision_tree,9739,6,6
10,decision_tree,8419,6,6
10,decision_tree,12902,3,6
10,decision_tree,1136,5,5
10,decision_tree,686,5,5
10,decision_tree,11148,3,3
10,decision_tree,3839,1,1
10,decision_tree,11008,3,3
10,decision_tree,13490,3,6
10,decision_tree,864,5,5
10,decision_tree,10306,3,3
10,decision_tree,10167,3,3
10,decision_tree,197,5,3
10,decision_tree,6933,4,4
10,decision_tree,2708,0,0
10,decision_tree,4779,2,2
10,decision_tree,1057,5,5
10,decision_tree,10891,3,3
10,decision_tree,3242,0,0
10,decision_tree,13411,3,6
10,decision_tree,5455,2,2
10,decision_tree,5468,2,2
10,decision_tree,4838,2,2
10,decision_tree,1427,5,5
10,decision_tree,3271,0,0
10,decision_tree,7165,4,2
10,decision_tree,2016,5,6
10,decision_tree,13487,3,3
10,decision_tree,5323,2,2
10,decision_tree,6417,4,4
10,decision_tree,9620,6,6
10,decision_tree,9919,6,6
10,decision_tree,7523,6,3
10,decision_tree,8996,6,6
10,decision_tree,7657,6,6
10,decision_tree,7217,4,4
10,decision_tree,10554,3,3
10,decision_tree,10453,3,3
10,decision_tree,6436,4,4
10,decision_tree,1088,5,5
10,decision_tree,7421,6,6
10,decision_tree,7244,4,4
10,decision_tree,2907,0,0
10,decision_tree,5464,2,2
10,decision_tree,6363,4,4
10,decision_tree,4616,2,2
10,decision_tree,7769,6,6
10,decision_tree,12198,3,3
10,decision_tree,6517,4,4
10,decision_tree,7287,4,4
10,decision_tree,5921,4,4
10,decision_tree,8858,6,6
10,decision_tree,6366,4,4
10,decision_tree,1926,5,5
10,decision_tree,12975,3,3
10,decision_tree,11756,3,3
10,decision_tree,3500,1,1
10,decision_tree,3228,0,0
10,decision_tree,2904,0,2
10,decision_tree,3465,1,1
10,decision_tree,554,5,5
10,decision_tree,2501,0,0
10,decision_tree,7224,4,4
10,decision_tree,3211,0,0
10,decision_tree,11921,3,3
10,decision_tree,13370,3,3
10,decision_tree,8499,6,6
10,decision_tree,11531,3,3
10,decision_tree,9613,6,6
10,decision_tree,1850,5,5
10,decision_tree,8506,6,6
10,decision_tree,2214,0,0
10,decision_tree,5131,2,2
10,decision_tree,12366,3,3
10,decision_tree,9961,6,0
10,decision_tree,10543,3,3
10,decision_tree,1441,5,5
10,decision_tree,3272,0,0
10,decision_tree,6836,4,4
10,decision_tree,3114,0,0
10,decision_tree,2342,0,0
10,decision_tree,702,5,5
10,decision_tree,1352,5,0
10,decision_tree,9203,6,6
10,decision_tree,8479,6,5
10,decision_tree,7332,4,0
10,decision_tree,11491,3,3
10,decision_tree,10512,3,3
10,decision_tree,10866,3,3
10,decision_tree,11,5,5
10,decision_tree,11161,3,3
10,decision_tree,7854,6,6
10,decision_tree,10188,3,3
10,decision_tree,9196,6,6
10,decision_tree,12977,3,3
10,decision_tree,4692,2,2
10,decision_tree,5569,4,3
10,decision_tree,8738,6,5
10,decision_tree,8126,6,6
10,decision_tree,8562,6,6
10,decision_tree,7787,6,3
10,decision_tree,5446,2,2
10,decision_tree,3712,1,1
10,decision_tree,4269,2,2
10,decision_tree,5894,4,4
10,decision_tree,10705,3,3
10,decision_tree,7690,6,3
10,decision_tree,4171,2,2
10,decision_tree,10793,3,3
10,decision_tree,3687,1,1
10,decision_tree,3749,1,1
10,decision_tree,9107,6,6
10,decision_tree,4614,2,2
10,decision_tree,4490,2,2
10,decision_tree,4131,2,2
10,decision_tree,3002,0,0
10,decision_tree,8807,6,5
10,decision_tree,12773,3,3
10,decision_tree,2776,0,0
10,decision_tree,13398,3,3
10,decision_tree,3612,1,1
10,decision_tree,5865,4,4
10,decision_tree,56,5,5
10,decision_tree,13358,3,6
10,decision_tree,4563,2,2
10,decision_tree,6415,4,4
10,decision_tree,8723,6,6
10,decision_tree,5235,2,2
10,decision_tree,6094,4,4
10,decision_tree,12907,3,3
10,decision_tree,9313,6,6
10,decision_tree,11587,3,3
10,decision_tree,4653,2,0
10,decision_tree,7493,6,6
10,decision_tree,6168,4,4
10,decision_tree,4365,2,2
10,decision_tree,4897,2,2
10,decision_tree,3846,1,1
10,decision_tree,4817,2,2
10,decision_tree,837,5,5
10,decision_tree,8030,6,6
10,decision_tree,2535,0,0
10,decision_tree,6593,4,4
10,decision_tree,2752,0,0
10,decision_tree,3451,1,1
10,decision_tree,3663,1,1
10,decision_tree,13360,3,3
10,decision_tree,11881,3,3
10,decision_tree,7652,6,3
10,decision_tree,7497,6,3
10,decision_tree,10519,3,3
10,decision_tree,5568,4,4
10,decision_tree,4659,2,2
10,decision_tree,6939,4,4
10,decision_tree,9576,6,6
10,decision_tree,7310,4,4
10,decision_tree,12968,3,3
10,decision_tree,8332,6,3
10,decision_tree,10865,3,3
10,decision_tree,7789,6,6
10,decision_tree,10350,3,3
10,decision_tree,5665,4,4
10,decision_tree,1496,5,5
10,decision_tree,3757,1,1
10,decision_tree,4895,2,2
10,decision_tree,1131,5,5
10,decision_tree,1226,5,5
10,decision_tree,2486,0,0
10,decision_tree,1772,5,5
10,decision_tree,9401,6,6
10,decision_tree,8606,6,6
10,decision_tree,7763,6,6
10,decision_tree,91,5,5
10,decision_tree,5549,4,6
10,decision_tree,12751,3,3
10,decision_tree,1691,5,5
10,decision_tree,3113,0,0
10,decision_tree,12118,3,3
10,decision_tree,5892,4,4
10,decision_tree,11132,3,3
10,decision_tree,4854,2,2
10,decision_tree,4729,2,2
10,decision_tree,5038,2,2
10,decision_tree,3170,0,0
10,decision_tree,5343,2,2
10,decision_tree,5275,2,2
10,decision_tree,11904,3,3
10,decision_tree,2775,0,0
10,decision_tree,10371,3,3
10,decision_tree,5689,4,4
10,decision_tree,9764,6,6
10,decision_tree,4857,2,2
10,decision_tree,4558,2,2
10,decision_tree,6717,4,4
10,decision_tree,10253,3,3
10,decision_tree,4251,2,2
10,decision_tree,4206,2,2
10,decision_tree,10736,3,3
10,decision_tree,1029,5,5
10,decision_tree,10846,3,3
10,decision_tree,1179,5,5
10,decision_tree,737,5,5
10,decision_tree,5463,2,2
10,decision_tree,4871,2,2
10,decision_tree,3921,2,4
10,decision_tree,12868,3,3
10,decision_tree,1151,5,5
10,decision_tree,9302,6,6
10,decision_tree,8007,6,3
10,decision_tree,4539,2,2
10,decision_tree,9225,6,6
10,decision_tree,4663,2,2
10,decision_tree,12016,3,3
10,decision_tree,5903,4,4
10,decision_tree,1161,5,5
10,decision_tree,13307,3,6
10,decision_tree,13364,3,3
10,decision_tree,8625,6,6
10,decision_tree,830,5,5
10,decision_tree,4022,2,2
10,decision_tree,2713,0,0
10,decision_tree,3250,0,0
10,decision_tree,2280,0,0
10,decision_tree,10487,3,3
10,decision_tree,6491,4,4
10,decision_tree,10996,3,3
10,decision_tree,11503,3,3
10,decision_tree,11887,3,3
10,decision_tree,3955,2,2
10,decision_tree,2604,0,0
10,decision_tree,9463,6,6
10,decision_tree,5511,4,4
10,decision_tree,8131,6,6
10,decision_tree,3989,2,2
10,decision_tree,7673,6,3
10,decision_tree,11677,3,3
10,decision_tree,4423,2,2
10,decision_tree,9742,6,6
10,decision_tree,10074,3,3
10,decision_tree,1382,5,5
10,decision_tree,7397,6,3
10,decision_tree,3373,1,1
10,decision_tree,6803,4,4
10,decision_tree,6498,4,4
10,decision_tree,7527,6,3
10,decision_tree,7805,6,3
10,decision_tree,6774,4,4
10,decision_tree,8757,6,6
10,decision_tree,10696,3,3
10,decision_tree,6241,4,4
10,decision_tree,13113,3,3
10,decision_tree,7957,6,6
10,decision_tree,11917,3,3
10,decision_tree,8876,6,6
10,decision_tree,5928,4,4
10,decision_tree,1674,5,5
10,decision_tree,1376,5,5
10,decision_tree,9708,6,6
10,decision_tree,466,5,5
10,decision_tree,910,5,5
10,decision_tree,13165,3,3
10,decision_tree,7935,6,6
10,decision_tree,3755,1,1
10,decision_tree,2910,0,0
10,decision_tree,6960,4,4
10,decision_tree,3352,1,1
10,decision_tree,5255,2,2
10,decision_tree,1462,5,5
10,decision_tree,6820,4,4
10,decision_tree,3564,1,1
10,decision_tree,11522,3,3
10,decision_tree,1596,5,5
10,decision_tree,891,5,3
10,decision_tree,2666,0,0
10,decision_tree,3362,1,1
10,decision_tree,3131,0,0
10,decision_tree,8920,6,6
10,decision_tree,7414,6,6
10,decision_tree,4970,2,2
10,decision_tree,768,5,5
10,decision_tree,3720,1,1
10,decision_tree,12452,3,3
10,decision_tree,6115,4,4
10,decision_tree,2148,0,0
10,decision_tree,9222,6,6
10,decision_tree,8074,6,6
10,decision_tree,5361,2,2
10,decision_tree,4822,2,2
10,decision_tree,10485,3,3
10,decision_tree,8099,6,3
10,decision_tree,665,5,5
10,decision_tree,8470,6,6
10,decision_tree,2019,5,0
10,decision_tree,4355,2,2
10,decision_tree,270,5,5
10,decision_tree,11906,3,3
10,decision_tree,3891,2,4
10,decision_tree,3920,2,6
10,decision_tree,5726,4,4
10,decision_tree,5120,2,2
10,decision_tree,6835,4,4
10,decision_tree,1216,5,5
10,decision_tree,995,5,5
10,decision_tree,2364,0,0
10,decision_tree,11419,3,3
10,decision_tree,6830,4,4
10,decision_tree,5601,4,4
10,decision_tree,11673,3,3
10,decision_tree,714,5,5
10,decision_tree,11748,3,3
10,decision_tree,6595,4,4
10,decision_tree,10258,3,3
10,decision_tree,7064,4,4
10,decision_tree,3548,1,1
10,decision_tree,9341,6,6
10,decision_tree,13145,3,3
10,decision_tree,10080,3,3
10,decision_tree,10183,3,3
10,decision_tree,4290,2,2
10,decision_tree,5640,4,4
10,decision_tree,10880,3,3
10,decision_tree,5098,2,2
10,decision_tree,1659,5,5
10,decision_tree,5332,2,2
10,decision_tree,1356,5,5
10,decision_tree,10492,3,3
10,decision_tree,2064,0,5
10,decision_tree,10082,3,3
10,decision_tree,157,5,5
10,decision_tree,5230,2,2
10,decision_tree,2411,0,0
10,decision_tree,9356,6,6
10,decision_tree,10656,3,3
10,decision_tree,6614,4,4
10,decision_tree,11874,3,3
10,decision_tree,783,5,5
10,decision_tree,13101,3,3
10,decision_tree,3651,1,1
10,decision_tree,11280,3,3
10,decision_tree,11988,3,3
10,decision_tree,810,5,5
10,decision_tree,1986,5,5
10,decision_tree,6457,4,4
10,decision_tree,729,5,5
10,decision_tree,627,5,5
10,decision_tree,4455,2,2
10,decision_tree,11591,3,3
10,decision_tree,3456,1,1
10,decision_tree,10394,3,3
10,decision_tree,10446,3,3
10,decision_tree,10155,3,3
10,decision_tree,7568,6,3
10,decision_tree,4595,2,2
10,decision_tree,11352,3,3
10,decision_tree,11324,3,3
10,decision_tree,2867,0,0
10,decision_tree,9503,6,6
10,decision_tree,5477,2,2
10,decision_tree,5974,4,4
10,decision_tree,3855,1,1
10,decision_tree,9924,6,6
10,decision_tree,2858,0,0
10,decision_tree,6638,4,4
10,decision_tree,3430,1,1
10,decision_tree,3247,0,0
10,decision_tree,12375,3,3
10,decision_tree,6109,4,4
10,decision_tree,7123,4,4
10,decision_tree,10902,3,3
10,decision_tree,1353,5,5
10,decision_tree,8720,6,6
10,decision_tree,261,5,5
10,decision_tree,4959,2,2
10,decision_tree,9239,6,6
10,decision_tree,4330,2,2
10,decision_tree,2114,0,0
10,decision_tree,7526,6,3
10,decision_tree,9220,6,6
10,decision_tree,11088,3,3
10,decision_tree,5985,4,4
10,decision_tree,7701,6,6
10,decision_tree,6256,4,4
10,decision_tree,12243,3,3
10,decision_tree,7202,4,4
10,decision_tree,6911,4,4
10,decision_tree,13197,3,6
10,decision_tree,3387,1,1
10,decision_tree,6949,4,4
10,decision_tree,8207,6,6
10,decision_tree,3138,0,0
10,decision_tree,1075,5,5
10,decision_tree,10410,3,3
10,decision_tree,3996,2,2
10,decision_tree,4507,2,2
10,decision_tree,11831,3,3
10,decision_tree,12271,3,3
10,decision_tree,3109,0,0
10,decision_tree,1810,5,5
10,decision_tree,11143,3,3
10,decision_tree,5041,2,2
10,decision_tree,6025,4,4
10,decision_tree,8897,6,6
10,decision_tree,11261,3,3
10,decision_tree,7852,6,6
10,decision_tree,2982,0,0
10,decision_tree,3614,1,1
10,decision_tree,12705,3,6
10,decision_tree,12917,3,3
10,decision_tree,175,5,5
10,decision_tree,5078,2,2
10,decision_tree,4029,2,2
10,decision_tree,1695,5,5
10,decision_tree,1263,5,5
10,decision_tree,2445,0,0
10,decision_tree,4446,2,2
10,decision_tree,6469,4,4
10,decision_tree,160,5,5
10,decision_tree,13136,3,6
10,decision_tree,10179,3,3
10,decision_tree,9154,6,6
10,decision_tree,931,5,5
10,decision_tree,10241,3,3
10,decision_tree,6208,4,4
10,decision_tree,12800,3,3
10,decision_tree,2848,0,0
10,decision_tree,9770,6,6
10,decision_tree,13224,3,3
10,decision_tree,11569,3,3
10,decision_tree,5627,4,4
10,decision_tree,7046,4,4
10,decision_tree,10,5,5
10,decision_tree,1929,5,5
10,decision_tree,10352,3,3
10,decision_tree,8196,6,6
10,decision_tree,7532,6,6
10,decision_tree,8695,6,6
10,decision_tree,8497,6,6
10,decision_tree,2173,0,0
10,decision_tree,227,5,5
10,decision_tree,3641,1,1
10,decision_tree,7112,4,4
10,decision_tree,8310,6,3
10,decision_tree,2685,0,0
10,decision_tree,7321,4,4
10,decision_tree,13195,3,3
10,decision_tree,965,5,5
10,decision_tree,4841,2,2
10,decision_tree,1363,5,5
10,decision_tree,4657,2,2
10,decision_tree,4277,2,2
10,decision_tree,9311,6,6
10,decision_tree,8073,6,6
10,decision_tree,6985,4,4
10,decision_tree,11310,3,3
10,decision_tree,8025,6,6
10,decision_tree,3294,0,0
10,decision_tree,7838,6,6
10,decision_tree,3355,1,1
10,decision_tree,1103,5,5
10,decision_tree,1445,5,5
10,decision_tree,12045,3,3
10,decision_tree,4727,2,2
10,decision_tree,87,5,5
10,decision_tree,1105,5,5
10,decision_tree,9661,6,6
10,decision_tree,1313,5,5
10,decision_tree,11328,3,3
10,decision_tree,4204,2,2
10,decision_tree,10004,3,3
10,decision_tree,356,5,5
10,decision_tree,4762,2,2
10,decision_tree,7041,4,4
10,decision_tree,9059,6,6
10,decision_tree,994,5,5
10,decision_tree,3577,1,1
10,decision_tree,5494,2,2
10,decision_tree,5238,2,2
10,decision_tree,7806,6,6
10,decision_tree,6080,4,4
10,decision_tree,6070,4,4
10,decision_tree,7088,4,4
10,decision_tree,4885,2,2
10,decision_tree,2268,0,0
10,decision_tree,13509,3,3
10,decision_tree,10158,3,3
10,decision_tree,8445,6,6
10,decision_tree,8301,6,6
10,decision_tree,1152,5,5
10,decision_tree,13536,3,6
10,decision_tree,12237,3,3
10,decision_tree,9513,6,6
10,decision_tree,4101,2,2
10,decision_tree,9763,6,6
10,decision_tree,1581,5,5
10,decision_tree,6944,4,4
10,decision_tree,9231,6,6
10,decision_tree,5605,4,4
10,decision_tree,11573,3,3
10,decision_tree,1808,5,5
10,decision_tree,6268,4,4
10,decision_tree,3913,2,2
10,decision_tree,9975,6,4
10,decision_tree,4625,2,2
10,decision_tree,5198,2,2
10,decision_tree,3450,1,1
10,decision_tree,9295,6,6
10,decision_tree,3283,0,0
10,decision_tree,3268,0,0
10,decision_tree,5289,2,2
10,decision_tree,1942,5,5
10,decision_tree,9881,6,6
10,decision_tree,195,5,5
10,decision_tree,317,5,5
10,decision_tree,4499,2,2
10,decision_tree,9244,6,6
10,decision_tree,410,5,5
10,decision_tree,2061,0,0
10,decision_tree,3139,0,0
10,decision_tree,12227,3,3
10,decision_tree,3290,0,0
10,decision_tree,4383,2,2
10,decision_tree,7799,6,6
10,decision_tree,631,5,5
10,decision_tree,2940,0,0
10,decision_tree,2149,0,0
10,decision_tree,8215,6,6
10,decision_tree,3237,0,0
10,decision_tree,1904,5,5
10,decision_tree,355,5,5
10,decision_tree,4531,2,2
10,decision_tree,13005,3,6
10,decision_tree,4188,2,2
10,decision_tree,3884,2,0
10,decision_tree,12494,3,3
10,decision_tree,2320,0,0
10,decision_tree,1402,5,6
10,decision_tree,11622,3,3
10,decision_tree,2881,0,0
10,decision_tree,1907,5,5
10,decision_tree,7330,4,4
10,decision_tree,13202,3,3
10,decision_tree,6889,4,4
10,decision_tree,2667,0,0
10,decision_tree,3872,2,5
10,decision_tree,5537,4,3
10,decision_tree,2544,0,0
10,decision_tree,526,5,5
10,decision_tree,3956,2,2
10,decision_tree,6581,4,4
10,decision_tree,4844,2,2
10,decision_tree,11061,3,3
10,decision_tree,4667,2,0
10,decision_tree,1079,5,5
10,decision_tree,1866,5,5
10,decision_tree,11256,3,3
10,decision_tree,2675,0,0
10,decision_tree,11020,3,3
10,decision_tree,11159,3,3
10,decision_tree,6443,4,4
10,decision_tree,11678,3,3
10,decision_tree,6537,4,4
10,decision_tree,9290,6,6
10,decision_tree,11711,3,3
10,decision_tree,4920,2,2
10,decision_tree,5829,4,4
10,decision_tree,11796,3,3
10,decision_tree,5505,4,3
10,decision_tree,4011,2,2
10,decision_tree,1129,5,5
10,decision_tree,13007,3,3
10,decision_tree,8735,6,6
10,decision_tree,11633,3,3
10,decision_tree,1339,5,5
10,decision_tree,6992,4,4
10,decision_tree,4543,2,2
10,decision_tree,12548,3,3
10,decision_tree,6163,4,4
10,decision_tree,11534,3,3
10,decision_tree,5920,4,4
10,decision_tree,3750,1,1
10,decision_tree,12173,3,3
10,decision_tree,6531,4,4
10,decision_tree,9071,6,6
10,decision_tree,12357,3,3
10,decision_tree,10209,3,3
10,decision_tree,6118,4,4
10,decision_tree,1476,5,5
10,decision_tree,12785,3,6
10,decision_tree,3312,0,0
10,decision_tree,7614,6,6
10,decision_tree,10049,3,3
10,decision_tree,12127,3,3
10,decision_tree,7422,6,3
10,decision_tree,10663,3,3
10,decision_tree,750,5,5
10,decision_tree,11934,3,3
10,decision_tree,1637,5,5
10,decision_tree,7092,4,4
10,decision_tree,12834,3,3
10,decision_tree,3772,1,1
10,decision_tree,5755,4,4
10,decision_tree,908,5,5
10,decision_tree,10755,3,3
10,decision_tree,6472,4,4
10,decision_tree,3329,0,0
10,decision_tree,8629,6,6
10,decision_tree,10191,3,3
10,decision_tree,11110,3,3
10,decision_tree,5050,2,2
10,decision_tree,6833,4,4
10,decision_tree,11985,3,3
10,decision_tree,138,5,5
10,decision_tree,13319,3,6
10,decision_tree,13381,3,6
10,decision_tree,6763,4,4
10,decision_tree,10657,3,3
10,decision_tree,6629,4,4
10,decision_tree,6860,4,4
10,decision_tree,2686,0,0
10,decision_tree,2746,0,0
10,decision_tree,9185,6,6
10,decision_tree,4963,2,2
10,decision_tree,203,5,5
10,decision_tree,6398,4,4
10,decision_tree,6821,4,4
10,decision_tree,9273,6,6
10,decision_tree,11144,3,3
10,decision_tree,4035,2,2
10,decision_tree,9488,6,6
10,decision_tree,1985,5,5
10,decision_tree,470,5,5
10,decision_tree,13204,3,6
10,decision_tree,1688,5,5
10,decision_tree,13322,3,3
10,decision_tree,11852,3,3
10,decision_tree,5110,2,2
10,decision_tree,6272,4,4
10,decision_tree,11099,3,3
10,decision_tree,12811,3,3
10,decision_tree,8778,6,6
10,decision_tree,13461,3,6
10,decision_tree,3446,1,1
10,decision_tree,1526,5,5
10,decision_tree,4254,2,2
10,decision_tree,1310,5,5
10,decision_tree,10229,3,3
10,decision_tree,5853,4,4
10,decision_tree,10270,3,3
10,decision_tree,6292,4,4
10,decision_tree,3152,0,0
10,decision_tree,358,5,5
10,decision_tree,13062,3,3
10,decision_tree,2419,0,0
10,decision_tree,13183,3,3
10,decision_tree,7261,4,2
10,decision_tree,8058,6,6
10,decision_tree,13395,3,6
10,decision_tree,11954,3,3
10,decision_tree,2613,0,0
10,decision_tree,3783,1,1
10,decision_tree,6189,4,4
10,decision_tree,13172,3,6
10,decision_tree,7119,4,4
10,decision_tree,2035,0,6
10,decision_tree,11095,3,3
10,decision_tree,3156,0,0
10,decision_tree,6364,4,4
10,decision_tree,5259,2,2
10,decision_tree,11580,3,3
10,decision_tree,7550,6,6
10,decision_tree,11519,3,3
10,decision_tree,8374,6,6
10,decision_tree,2232,0,0
10,decision_tree,9559,6,6
10,decision_tree,13404,3,5
10,decision_tree,5719,4,4
10,decision_tree,10926,3,3
10,decision_tree,10100,3,3
10,decision_tree,12098,3,3
10,decision_tree,3221,0,0
10,decision_tree,310,5,5
10,decision_tree,9099,6,6
10,decision_tree,5866,4,4
10,decision_tree,2503,0,0
10,decision_tree,5857,4,6
10,decision_tree,6003,4,4
10,decision_tree,8750,6,6
10,decision_tree,2021,5,0
10,decision_tree,5555,4,4
10,decision_tree,12099,3,3
10,decision_tree,4714,2,2
10,decision_tree,9535,6,6
10,decision_tree,5181,2,2
10,decision_tree,939,5,5
10,decision_tree,6728,4,4
10,decision_tree,9520,6,6
10,decision_tree,2234,0,0
10,decision_tree,5451,2,2
10,decision_tree,1974,5,5
10,decision_tree,3745,1,1
10,decision_tree,2756,0,0
10,decision_tree,4671,2,2
10,decision_tree,1629,5,5
10,decision_tree,10772,3,3
10,decision_tree,2024,5,2
10,decision_tree,9051,6,6
10,decision_tree,6702,4,0
10,decision_tree,4016,2,2
10,decision_tree,28,5,5
10,decision_tree,12097,3,3
10,decision_tree,8346,6,6
10,decision_tree,701,5,5
10,decision_tree,5715,4,4
10,decision_tree,5162,2,2
10,decision_tree,2187,0,0
10,decision_tree,8143,6,6
10,decision_tree,7693,6,6
10,decision_tree,1080,5,5
10,decision_tree,474,5,5
10,decision_tree,3091,0,0
10,decision_tree,12603,3,3
10,decision_tree,12590,3,3
10,decision_tree,2821,0,0
10,decision_tree,8418,6,4
10,decision_tree,1045,5,5
10,decision_tree,5710,4,4
10,decision_tree,748,5,5
10,decision_tree,9377,6,6
10,decision_tree,11441,3,3
10,decision_tree,3428,1,1
10,decision_tree,2955,0,0
10,decision_tree,6471,4,4
10,decision_tree,5877,4,4
10,decision_tree,12637,3,3
10,decision_tree,8804,6,6
10,decision_tree,389,5,5
10,decision_tree,3519,1,1
10,decision_tree,7157,4,4
10,decision_tree,7667,6,5
10,decision_tree,8633,6,6
10,decision_tree,5001,2,2
10,decision_tree,6317,4,4
10,decision_tree,11398,3,3
10,decision_tree,6712,4,4
10,decision_tree,12035,3,3
10,decision_tree,8413,6,6
10,decision_tree,10575,3,3
10,decision_tree,10275,3,3
10,decision_tree,8701,6,6
10,decision_tree,3276,0,0
10,decision_tree,1932,5,5
10,decision_tree,11050,3,3
10,decision_tree,1033,5,5
10,decision_tree,13309,3,3
10,decision_tree,5316,2,2
10,decision_tree,11945,3,3
10,decision_tree,6368,4,4
10,decision_tree,13082,3,3
10,decision_tree,3240,0,0
10,decision_tree,7419,6,3
10,decision_tree,12912,3,3
10,decision_tree,10137,3,3
10,decision_tree,11545,3,3
10,decision_tree,11048,3,3
10,decision_tree,12668,3,3
10,decision_tree,9035,6,6
10,decision_tree,9547,6,6
10,decision_tree,201,5,5
10,decision_tree,2243,0,0
10,decision_tree,993,5,5
10,decision_tree,1405,5,5
10,decision_tree,1797,5,5
10,decision_tree,2956,0,0
10,decision_tree,3315,0,0
10,decision_tree,8453,6,6
10,decision_tree,10537,3,3
10,decision_tree,11142,3,3
10,decision_tree,10156,3,3
10,decision_tree,6694,4,4
10,decision_tree,5996,4,4
10,decision_tree,6045,4,4
10,decision_tree,10647,3,3
10,decision_tree,5612,4,4
10,decision_tree,9093,6,6
10,decision_tree,1900,5,5
10,decision_tree,11812,3,3
10,decision_tree,10616,3,3
10,decision_tree,13338,3,3
10,decision_tree,2344,0,2
10,decision_tree,8937,6,6
10,decision_tree,3055,0,0
10,decision_tree,2418,0,0
10,decision_tree,498,5,5
10,decision_tree,2246,0,0
10,decision_tree,10597,3,3
10,decision_tree,5559,4,4
10,decision_tree,11784,3,3
10,decision_tree,2831,0,0
10,decision_tree,2130,0,0
10,decision_tree,10303,3,3
10,decision_tree,10615,3,3
10,decision_tree,8160,6,6
10,decision_tree,11578,3,3
10,decision_tree,6724,4,4
10,decision_tree,11494,3,3
10,decision_tree,9361,6,6
10,decision_tree,12289,3,3
10,decision_tree,3793,1,1
10,decision_tree,3960,2,2
10,decision_tree,536,5,5
10,decision_tree,8094,6,3
10,decision_tree,8117,6,6
10,decision_tree,7692,6,6
10,decision_tree,6320,4,4
10,decision_tree,6896,4,4
10,decision_tree,6419,4,4
10,decision_tree,3179,0,0
10,decision_tree,2252,0,0
10,decision_tree,13533,3,6
10,decision_tree,395,5,5
10,decision_tree,9153,6,6
10,decision_tree,12369,3,3
10,decision_tree,1793,5,5
10,decision_tree,10627,3,3
10,decision_tree,11238,3,3
10,decision_tree,5245,2,2
10,decision_tree,3507,1,1
10,decision_tree,9967,6,0
10,decision_tree,8036,6,3
10,decision_tree,362,5,5
10,decision_tree,12564,3,3
10,decision_tree,10882,3,3
10,decision_tree,3041,0,0
10,decision_tree,9053,6,6
10,decision_tree,12835,3,3
10,decision_tree,1069,5,5
10,decision_tree,10223,3,3
10,decision_tree,8538,6,6
10,decision_tree,6426,4,4
10,decision_tree,8111,6,6
10,decision_tree,6427,4,4
10,decision_tree,8410,6,6
10,decision_tree,13162,3,3
10,decision_tree,12093,3,6
10,decision_tree,5061,2,2
10,decision_tree,2427,0,0
10,decision_tree,5170,2,2
10,decision_tree,983,5,5
10,decision_tree,1554,5,5
10,decision_tree,1957,5,5
10,decision_tree,4401,2,2
10,decision_tree,4220,2,2
10,decision_tree,8276,6,6
10,decision_tree,11129,3,3
10,decision_tree,7615,6,6
10,decision_tree,9270,6,6
10,decision_tree,7355,4,2
10,decision_tree,7725,6,6
10,decision_tree,8584,6,6
10,decision_tree,7776,6,6
10,decision_tree,343,5,5
10,decision_tree,10327,3,3
10,decision_tree,4157,2,2
10,decision_tree,11992,3,3
10,decision_tree,70,5,5
10,decision_tree,7031,4,2
10,decision_tree,4248,2,2
10,decision_tree,6260,4,4
10,decision_tree,9194,6,6
10,decision_tree,11535,3,3
10,decision_tree,535,5,3
10,decision_tree,1692,5,5
10,decision_tree,6135,4,4
10,decision_tree,5972,4,4
10,decision_tree,11991,3,3
10,decision_tree,12002,3,3
10,decision_tree,2179,0,0
10,decision_tree,789,5,5
10,decision_tree,13321,3,6
10,decision_tree,3048,0,0
10,decision_tree,11658,3,3
10,decision_tree,8218,6,6
10,decision_tree,3165,0,0
10,decision_tree,4574,2,2
10,decision_tree,12854,3,3
10,decision_tree,826,5,5
10,decision_tree,2043,0,5
10,decision_tree,13021,3,3
10,decision_tree,10640,3,3
10,decision_tree,12076,3,3
10,decision_tree,6854,4,4
10,decision_tree,12740,3,3
10,decision_tree,3189,0,0
10,decision_tree,2778,0,0
10,decision_tree,3326,0,0
10,decision_tree,7037,4,4
10,decision_tree,1585,5,5
10,decision_tree,2806,0,0
10,decision_tree,9599,6,6
10,decision_tree,5012,2,2
10,decision_tree,6750,4,4
10,decision_tree,12942,3,3
10,decision_tree,11998,3,3
10,decision_tree,3571,1,1
10,decision_tree,1148,5,5
10,decision_tree,6184,4,4
10,decision_tree,8957,6,6
10,decision_tree,6104,4,4
10,decision_tree,1167,5,5
10,decision_tree,3153,0,0
10,decision_tree,10576,3,3
10,decision_tree,5406,2,2
10,decision_tree,5762,4,4
10,decision_tree,12580,3,3
10,decision_tree,7110,4,4
10,decision_tree,7535,6,6
10,decision_tree,11549,3,3
10,decision_tree,148,5,5
10,decision_tree,8953,6,6
10,decision_tree,5953,4,4
10,decision_tree,2999,0,0
10,decision_tree,2567,0,0
10,decision_tree,11414,3,3
10,decision_tree,8251,6,6
10,decision_tree,5079,2,2
10,decision_tree,1418,5,5
10,decision_tree,4933,2,2
10,decision_tree,8592,6,6
10,decision_tree,4458,2,2
10,decision_tree,11458,3,3
10,decision_tree,9140,6,6
10,decision_tree,12588,3,3
10,decision_tree,12094,3,3
10,decision_tree,8452,6,6
10,decision_tree,943,5,5
10,decision_tree,13504,3,5
10,decision_tree,6450,4,4
10,decision_tree,11047,3,3
10,decision_tree,5419,2,2
10,decision_tree,3008,0,0
10,decision_tree,8467,6,6
10,decision_tree,6834,4,4
10,decision_tree,11301,3,3
10,decision_tree,9857,6,6
10,decision_tree,8929,6,6
10,decision_tree,8496,6,6
10,decision_tree,7034,4,4
10,decision_tree,3882,2,0
10,decision_tree,6254,4,4
10,decision_tree,12797,3,3
10,decision_tree,8962,6,6
10,decision_tree,10401,3,3
10,decision_tree,12657,3,3
10,decision_tree,10548,3,3
10,decision_tree,12672,3,3
10,decision_tree,6028,4,4
10,decision_tree,9167,6,6
10,decision_tree,4173,2,2
10,decision_tree,10267,3,3
10,decision_tree,1392,5,5
10,decision_tree,857,5,5
10,decision_tree,8526,6,6
10,decision_tree,7386,6,3
10,decision_tree,12948,3,3
10,decision_tree,9034,6,6
10,decision_tree,10194,3,3
10,decision_tree,5225,2,2
10,decision_tree,7803,6,6
10,decision_tree,9258,6,6
10,decision_tree,1318,5,5
10,decision_tree,7921,6,6
10,decision_tree,11690,3,3
10,decision_tree,8382,6,6
10,decision_tree,5395,2,2
10,decision_tree,12049,3,3
10,decision_tree,10430,3,3
10,decision_tree,3407,1,1
10,decision_tree,11388,3,3
10,decision_tree,10759,3,3
10,decision_tree,3336,0,0
10,decision_tree,2924,0,0
10,decision_tree,11910,3,3
10,decision_tree,1983,5,6
10,decision_tree,7619,6,6
10,decision_tree,1815,5,5
10,decision_tree,2499,0,0
10,decision_tree,12762,3,3
10,decision_tree,3163,0,0
10,decision_tree,12262,3,3
10,decision_tree,1243,5,5
10,decision_tree,1020,5,5
10,decision_tree,13023,3,6
10,decision_tree,9888,6,6
10,decision_tree,11538,3,3
10,decision_tree,4325,2,2
10,decision_tree,7008,4,6
10,decision_tree,8416,6,6
10,decision_tree,13222,3,3
10,decision_tree,1901,5,5
10,decision_tree,3122,0,0
10,decision_tree,2053,0,0
10,decision_tree,3150,0,2
10,decision_tree,7961,6,3
10,decision_tree,4606,2,2
10,decision_tree,7636,6,6
10,decision_tree,7506,6,3
10,decision_tree,1760,5,5
10,decision_tree,6920,4,4
10,decision_tree,7663,6,6
10,decision_tree,10202,3,3
10,decision_tree,5978,4,4
10,decision_tree,8326,6,5
10,decision_tree,12990,3,3
10,decision_tree,11431,3,3
10,decision_tree,3429,1,1
10,decision_tree,9040,6,6
10,decision_tree,3616,1,1
10,decision_tree,4175,2,2
10,decision_tree,499,5,5
10,decision_tree,8635,6,6
10,decision_tree,12346,3,3
10,decision_tree,3812,1,1
10,decision_tree,4087,2,2
10,decision_tree,9629,6,6
10,decision_tree,11476,3,3
10,decision_tree,547,5,5
10,decision_tree,838,5,5
10,decision_tree,7707,6,3
10,decision_tree,8088,6,3
10,decision_tree,7930,6,6
10,decision_tree,8132,6,6
10,decision_tree,2188,0,0
10,decision_tree,5542,4,4
10,decision_tree,11943,3,3
10,decision_tree,11193,3,3
10,decision_tree,8084,6,6
10,decision_tree,6077,4,4
10,decision_tree,798,5,5
10,decision_tree,6139,4,4
10,decision_tree,11548,3,3
10,decision_tree,12228,3,3
10,decision_tree,9804,6,6
10,decision_tree,385,5,5
10,decision_tree,2592,0,0
10,decision_tree,13299,3,3
10,decision_tree,2887,0,0
10,decision_tree,2793,0,0
10,decision_tree,12609,3,3
10,decision_tree,1566,5,5
10,decision_tree,4552,2,2
10,decision_tree,224,5,5
10,decision_tree,8762,6,6
10,decision_tree,12665,3,6
10,decision_tree,6908,4,4
10,decision_tree,1171,5,5
10,decision_tree,913,5,5
10,decision_tree,2357,0,0
10,decision_tree,10987,3,3
10,decision_tree,2987,0,0
10,decision_tree,9939,6,6
10,decision_tree,7045,4,4
10,decision_tree,5441,2,2
10,decision_tree,1508,5,5
10,decision_tree,3906,2,2
10,decision_tree,6674,4,4
10,decision_tree,6210,4,4
10,decision_tree,9275,6,6
10,decision_tree,9988,6,2
10,decision_tree,8145,6,6
10,decision_tree,2279,0,0
10,decision_tree,12509,3,3
10,decision_tree,13096,3,6
10,decision_tree,6492,4,4
10,decision_tree,9817,6,6
10,decision_tree,3098,0,0
10,decision_tree,10217,3,3
10,decision_tree,1347,5,5
10,decision_tree,8003,6,6
10,decision_tree,1612,5,5
10,decision_tree,11293,3,3
10,decision_tree,11103,3,3
10,decision_tree,6046,4,4
10,decision_tree,5178,2,2
10,decision_tree,12011,3,3
10,decision_tree,8871,6,6
10,decision_tree,13457,3,6
10,decision_tree,3219,0,0
10,decision_tree,1937,5,5
10,decision_tree,5707,4,4
10,decision_tree,6504,4,4
10,decision_tree,10268,3,3
10,decision_tree,7913,6,5
10,decision_tree,3598,1,1
10,decision_tree,3520,1,1
10,decision_tree,8154,6,6
10,decision_tree,3229,0,0
10,decision_tree,11069,3,3
10,decision_tree,11424,3,3
10,decision_tree,13385,3,6
10,decision_tree,10629,3,3
10,decision_tree,10938,3,3
10,decision_tree,10353,3,3
10,decision_tree,10591,3,3
10,decision_tree,4664,2,2
10,decision_tree,9947,6,6
10,decision_tree,9837,6,6
10,decision_tree,1342,5,5
10,decision_tree,9602,6,6
10,decision_tree,9766,6,6
10,decision_tree,6171,4,4
10,decision_tree,4814,2,2
10,decision_tree,1965,5,5
10,decision_tree,12490,3,3
10,decision_tree,1587,5,5
10,decision_tree,4445,2,2
10,decision_tree,10447,3,3
10,decision_tree,7683,6,3
10,decision_tree,11900,3,3
10,decision_tree,8868,6,6
10,decision_tree,12995,3,3
10,decision_tree,3866,1,1
10,decision_tree,11639,3,3
10,decision_tree,8989,6,4
10,decision_tree,13433,3,6
10,decision_tree,8648,6,6
10,decision_tree,7134,4,4
10,decision_tree,11473,3,3
10,decision_tree,10887,3,3
10,decision_tree,10393,3,3
10,decision_tree,3999,2,0
10,decision_tree,10936,3,3
10,decision_tree,3044,0,0
10,decision_tree,10458,3,3
10,decision_tree,10433,3,3
10,decision_tree,1407,5,5
10,decision_tree,12143,3,6
10,decision_tree,11835,3,3
10,decision_tree,10836,3,3
10,decision_tree,7557,6,6
10,decision_tree,1920,5,5
10,decision_tree,9666,6,6
10,decision_tree,12798,3,3
10,decision_tree,302,5,5
10,decision_tree,7011,4,4
10,decision_tree,8824,6,6
10,decision_tree,4802,2,2
10,decision_tree,11733,3,3
10,decision_tree,10150,3,3
10,decision_tree,7442,6,6
10,decision_tree,11466,3,3
10,decision_tree,8512,6,5
10,decision_tree,9845,6,6
10,decision_tree,7843,6,6
10,decision_tree,5868,4,4
10,decision_tree,9677,6,6
10,decision_tree,12552,3,3
10,decision_tree,10115,3,3
10,decision_tree,12500,3,3
10,decision_tree,2490,0,0
10,decision_tree,7814,6,5
10,decision_tree,1077,5,5
10,decision_tree,4596,2,2
10,decision_tree,7603,6,3
10,decision_tree,8969,6,6
10,decision_tree,2315,0,2
10,decision_tree,164,5,5
10,decision_tree,4878,2,2
10,decision_tree,10380,3,3
10,decision_tree,3659,1,1
10,decision_tree,1533,5,5
10,decision_tree,12742,3,3
10,decision_tree,6482,4,4
10,decision_tree,778,5,5
10,decision_tree,717,5,5
10,decision_tree,10898,3,3
10,decision_tree,715,5,5
10,decision_tree,3434,1,1
10,decision_tree,2125,0,0
10,decision_tree,2306,0,2
10,decision_tree,2405,0,0
10,decision_tree,7703,6,3
10,decision_tree,8819,6,5
10,decision_tree,599,5,5
10,decision_tree,10818,3,3
10,decision_tree,11635,3,3
10,decision_tree,6378,4,4
10,decision_tree,10457,3,3
10,decision_tree,8423,6,6
10,decision_tree,6929,4,4
10,decision_tree,8566,6,6
10,decision_tree,10906,3,3
10,decision_tree,3791,1,1
10,decision_tree,1164,5,5
10,decision_tree,3479,1,1
10,decision_tree,4198,2,2
10,decision_tree,3936,2,4
10,decision_tree,4165,2,2
10,decision_tree,5322,2,2
10,decision_tree,2412,0,0
10,decision_tree,9955,6,6
10,decision_tree,519,5,5
10,decision_tree,8591,6,6
10,decision_tree,3365,1,1
10,decision_tree,8832,6,6
10,decision_tree,5161,2,2
10,decision_tree,9024,6,6
10,decision_tree,13328,3,6
10,decision_tree,10021,3,3
10,decision_tree,3547,1,1
10,decision_tree,12447,3,3
10,decision_tree,1532,5,5
10,decision_tree,9697,6,6
10,decision_tree,8865,6,6
10,decision_tree,5018,2,2
10,decision_tree,7625,6,3
10,decision_tree,6336,4,4
10,decision_tree,13093,3,6
10,decision_tree,12984,3,3
10,decision_tree,5737,4,4
10,decision_tree,1395,5,5
10,decision_tree,7809,6,6
10,decision_tree,7318,4,2
10,decision_tree,12563,3,3
10,decision_tree,6706,4,4
10,decision_tree,488,5,3
10,decision_tree,11897,3,3
10,decision_tree,7589,6,3
10,decision_tree,6089,4,4
10,decision_tree,13448,3,6
10,decision_tree,9499,6,6
10,decision_tree,5496,2,2
10,decision_tree,9944,6,4
10,decision_tree,7668,6,6
10,decision_tree,6374,4,4
10,decision_tree,10389,3,3
10,decision_tree,513,5,5
10,decision_tree,9052,6,5
10,decision_tree,6970,4,4
10,decision_tree,3046,0,0
10,decision_tree,8022,6,6
10,decision_tree,6652,4,4
10,decision_tree,11113,3,3
10,decision_tree,7773,6,6
10,decision_tree,1680,5,5
10,decision_tree,12326,3,3
10,decision_tree,10505,3,3
10,decision_tree,9031,6,6
10,decision_tree,572,5,5
10,decision_tree,7889,6,3
10,decision_tree,5414,2,2
10,decision_tree,5706,4,4
10,decision_tree,2690,0,0
10,decision_tree,11213,3,3
10,decision_tree,2725,0,0
10,decision_tree,5096,2,2
10,decision_tree,8745,6,6
10,decision_tree,6439,4,4
10,decision_tree,12465,3,3
10,decision_tree,12398,3,3
10,decision_tree,11472,3,3
10,decision_tree,13276,3,6
10,decision_tree,7311,4,4
10,decision_tree,3630,1,1
10,decision_tree,13372,3,3
10,decision_tree,5173,2,2
10,decision_tree,9418,6,6
10,decision_tree,4489,2,2
10,decision_tree,1848,5,5
10,decision_tree,5002,2,2
10,decision_tree,11378,3,3
10,decision_tree,11375,3,3
10,decision_tree,10969,3,3
10,decision_tree,12877,3,6
10,decision_tree,3870,1,1
10,decision_tree,12316,3,3
10,decision_tree,3518,1,1
10,decision_tree,8480,6,6
10,decision_tree,10879,3,3
10,decision_tree,11188,3,3
10,decision_tree,6751,4,4
10,decision_tree,9215,6,6
10,decision_tree,2589,0,0
10,decision_tree,5151,2,2
10,decision_tree,2273,0,2
10,decision_tree,4013,2,2
10,decision_tree,11844,3,3
10,decision_tree,10029,3,3
10,decision_tree,3889,2,0
10,decision_tree,6983,4,4
10,decision_tree,7679,6,3
10,decision_tree,9675,6,6
10,decision_tree,7555,6,6
10,decision_tree,13445,3,6
10,decision_tree,3858,1,1
10,decision_tree,448,5,5
10,decision_tree,871,5,5
10,decision_tree,9818,6,6
10,decision_tree,5279,2,2
10,decision_tree,5376,2,2
10,decision_tree,412,5,3
10,decision_tree,6508,4,4
10,decision_tree,597,5,5
10,decision_tree,8365,6,6
10,decision_tree,5699,4,4
10,decision_tree,192,5,5
10,decision_tree,9803,6,6
10,decision_tree,3845,1,1
10,decision_tree,6381,4,4
10,decision_tree,5562,4,6
10,decision_tree,1018,5,5
10,decision_tree,218,5,5
10,decision_tree,6891,4,4
10,decision_tree,11564,3,3
10,decision_tree,594,5,6
10,decision_tree,12061,3,3
10,decision_tree,12274,3,3
10,decision_tree,13196,3,3
10,decision_tree,386,5,5
10,decision_tree,11003,3,3
10,decision_tree,8580,6,6
10,decision_tree,11584,3,3
10,decision_tree,4810,2,2
10,decision_tree,13531,3,5
10,decision_tree,11754,3,3
10,decision_tree,7857,6,6
10,decision_tree,13253,3,6
10,decision_tree,6691,4,4
10,decision_tree,8118,6,6
10,decision_tree,9880,6,6
10,decision_tree,1349,5,5
10,decision_tree,3363,1,1
10,decision_tree,10814,3,3
10,decision_tree,1232,5,5
10,decision_tree,2827,0,0
10,decision_tree,6483,4,4
10,decision_tree,4832,2,2
10,decision_tree,2635,0,0
10,decision_tree,8830,6,6
10,decision_tree,1448,5,5
10,decision_tree,11824,3,3
10,decision_tree,11267,3,3
10,decision_tree,4381,2,2
10,decision_tree,10171,3,3
10,decision_tree,3072,0,0
10,decision_tree,1725,5,5
10,decision_tree,1730,5,5
10,decision_tree,1840,5,5
10,decision_tree,4429,2,2
10,decision_tree,2659,0,2
10,decision_tree,12838,3,3
10,decision_tree,7943,6,6
10,decision_tree,8176,6,6
10,decision_tree,9118,6,6
10,decision_tree,2673,0,0
10,decision_tree,7825,6,3
10,decision_tree,12292,3,3
10,decision_tree,7986,6,6
10,decision_tree,11033,3,3
10,decision_tree,4756,2,2
10,decision_tree,5595,4,4
10,decision_tree,2193,0,0
10,decision_tree,10480,3,3
10,decision_tree,12206,3,3
10,decision_tree,5264,2,2
10,decision_tree,12254,3,3
10,decision_tree,8787,6,6
10,decision_tree,9640,6,6
10,decision_tree,252,5,5
10,decision_tree,440,5,5
10,decision_tree,9906,6,6
10,decision_tree,4785,2,2
10,decision_tree,10197,3,3
10,decision_tree,4708,2,2
10,decision_tree,9789,6,6
10,decision_tree,9186,6,6
10,decision_tree,7639,6,3
10,decision_tree,603,5,5
10,decision_tree,3972,2,2
10,decision_tree,7187,4,4
10,decision_tree,13333,3,3
10,decision_tree,938,5,5
10,decision_tree,10439,3,3
10,decision_tree,5013,2,2
10,decision_tree,1417,5,5
10,decision_tree,13379,3,3
10,decision_tree,1535,5,5
10,decision_tree,3814,1,1
10,decision_tree,5261,2,2
10,decision_tree,11475,3,3
10,decision_tree,5140,2,2
10,decision_tree,10536,3,3
10,decision_tree,13217,3,6
10,decision_tree,11032,3,3
10,decision_tree,738,5,5
10,decision_tree,3265,0,0
10,decision_tree,10517,3,3
10,decision_tree,2583,0,0
10,decision_tree,1446,5,5
10,decision_tree,13027,3,3
10,decision_tree,2822,0,2
10,decision_tree,7075,4,4
10,decision_tree,5929,4,4
10,decision_tree,13426,3,6
10,decision_tree,8273,6,6
10,decision_tree,2536,0,0
10,decision_tree,2227,0,0
10,decision_tree,2529,0,0
10,decision_tree,10112,3,3
10,decision_tree,5391,2,2
10,decision_tree,11875,3,3
10,decision_tree,5784,4,4
10,decision_tree,2803,0,0
10,decision_tree,9910,6,6
10,decision_tree,10628,3,3
10,decision_tree,12007,3,3
10,decision_tree,10467,3,3
10,decision_tree,10345,3,3
10,decision_tree,7263,4,4
10,decision_tree,4315,2,2
10,decision_tree,2228,0,0
10,decision_tree,13246,3,6
10,decision_tree,11086,3,3
10,decision_tree,8101,6,6
10,decision_tree,971,5,6
10,decision_tree,7865,6,3
10,decision_tree,13250,3,3
10,decision_tree,8636,6,6
10,decision_tree,3491,1,1
10,decision_tree,2984,0,0
10,decision_tree,6564,4,4
10,decision_tree,6454,4,4
10,decision_tree,7341,4,4
10,decision_tree,9978,6,6
10,decision_tree,13168,3,3
10,decision_tree,4839,2,2
10,decision_tree,10177,3,3
10,decision_tree,12238,3,3
10,decision_tree,4535,2,2
10,decision_tree,1694,5,6
10,decision_tree,12338,3,3
10,decision_tree,2981,0,0
10,decision_tree,2184,0,0
10,decision_tree,4161,2,2
10,decision_tree,6359,4,4
10,decision_tree,12417,3,3
10,decision_tree,8916,6,6
10,decision_tree,5144,2,2
10,decision_tree,4947,2,2
10,decision_tree,8033,6,6
10,decision_tree,10386,3,3
10,decision_tree,12963,3,3
10,decision_tree,5914,4,4
10,decision_tree,11821,3,3
10,decision_tree,6333,4,4
10,decision_tree,6182,4,4
10,decision_tree,313,5,5
10,decision_tree,8617,6,6
10,decision_tree,1475,5,5
10,decision_tree,12621,3,3
10,decision_tree,8451,6,6
10,decision_tree,9330,6,6
10,decision_tree,7239,4,4
10,decision_tree,34,5,5
10,decision_tree,12013,3,3
10,decision_tree,4324,2,2
10,decision_tree,12117,3,3
10,decision_tree,11840,3,3
10,decision_tree,4914,2,2
10,decision_tree,4943,2,2
10,decision_tree,3071,0,0
10,decision_tree,1419,5,5
10,decision_tree,6675,4,4
10,decision_tree,5833,4,4
10,decision_tree,12215,3,3
10,decision_tree,4954,2,2
10,decision_tree,10989,3,3
10,decision_tree,8001,6,6
10,decision_tree,5526,4,4
10,decision_tree,2923,0,0
10,decision_tree,6207,4,4
10,decision_tree,3722,1,1
10,decision_tree,5380,2,2
10,decision_tree,1225,5,5
10,decision_tree,215,5,5
10,decision_tree,4387,2,2
10,decision_tree,10383,3,3
10,decision_tree,3360,1,1
10,decision_tree,3623,1,1
10,decision_tree,7415,6,3
10,decision_tree,1312,5,5
10,decision_tree,7049,4,4
10,decision_tree,3449,1,1
10,decision_tree,3833,1,1
10,decision_tree,4181,2,2
10,decision_tree,10840,3,3
10,decision_tree,442,5,3
10,decision_tree,8079,6,4
10,decision_tree,44,5,5
10,decision_tree,4003,2,0
10,decision_tree,12232,3,3
10,decision_tree,3851,1,1
10,decision_tree,868,5,5
10,decision_tree,10325,3,3
10,decision_tree,10491,3,3
10,decision_tree,9579,6,6
10,decision_tree,4475,2,2
10,decision_tree,807,5,5
10,decision_tree,7313,4,4
10,decision_tree,2041,0,0
10,decision_tree,1967,5,5
10,decision_tree,12477,3,3
10,decision_tree,877,5,5
10,decision_tree,3136,0,0
10,decision_tree,132,5,5
10,decision_tree,961,5,5
10,decision_tree,11586,3,3
10,decision_tree,11602,3,3
10,decision_tree,2729,0,0
10,decision_tree,5055,2,2
10,decision_tree,7379,6,3
10,decision_tree,5318,2,0
10,decision_tree,3124,0,0
10,decision_tree,10645,3,3
10,decision_tree,8048,6,3
10,decision_tree,5265,2,2
10,decision_tree,12795,3,3
10,decision_tree,8262,6,2
10,decision_tree,7562,6,6
10,decision_tree,1561,5,5
10,decision_tree,12155,3,3
10,decision_tree,8330,6,6
10,decision_tree,7775,6,6
10,decision_tree,10338,3,3
10,decision_tree,13142,3,6
10,decision_tree,4245,2,4
10,decision_tree,180,5,5
10,decision_tree,3321,0,0
10,decision_tree,6022,4,4
10,decision_tree,1945,5,5
10,decision_tree,4827,2,2
10,decision_tree,269,5,5
10,decision_tree,9010,6,6
10,decision_tree,292,5,5
10,decision_tree,2002,5,5
10,decision_tree,12153,3,3
10,decision_tree,6514,4,4
10,decision_tree,2519,0,0
10,decision_tree,9840,6,6
10,decision_tree,12365,3,3
10,decision_tree,4929,2,2
10,decision_tree,12047,3,3
10,decision_tree,5756,4,4
10,decision_tree,3086,0,0
10,decision_tree,13485,3,6
10,decision_tree,1035,5,3
10,decision_tree,2067,0,0
10,decision_tree,10538,3,3
10,decision_tree,4459,2,2
10,decision_tree,9612,6,6
10,decision_tree,8848,6,6
10,decision_tree,23,5,3
10,decision_tree,7942,6,6
10,decision_tree,202,5,5
10,decision_tree,6158,4,4
10,decision_tree,6950,4,4
10,decision_tree,12311,3,3
10,decision_tree,4540,2,2
10,decision_tree,11521,3,3
10,decision_tree,6847,4,4
10,decision_tree,4231,2,2
10,decision_tree,8700,6,6
10,decision_tree,9530,6,6
10,decision_tree,8384,6,4
10,decision_tree,8886,6,6
10,decision_tree,7488,6,3
10,decision_tree,8477,6,6
10,decision_tree,10847,3,3
10,decision_tree,1009,5,5
10,decision_tree,2424,0,0
10,decision_tree,9695,6,6
10,decision_tree,15,5,5
10,decision_tree,1114,5,5
10,decision_tree,12522,3,3
10,decision_tree,9808,6,6
10,decision_tree,7680,6,3
10,decision_tree,10557,3,3
10,decision_tree,6969,4,4
10,decision_tree,9877,6,6
10,decision_tree,10250,3,3
10,decision_tree,6602,4,4
10,decision_tree,12355,3,3
10,decision_tree,10577,3,3
10,decision_tree,872,5,5
10,decision_tree,8283,6,6
10,decision_tree,1922,5,5
10,decision_tree,6886,4,4
10,decision_tree,4736,2,2
10,decision_tree,12448,3,3
10,decision_tree,2122,0,6
10,decision_tree,656,5,5
10,decision_tree,12219,3,3
10,decision_tree,8240,6,6
10,decision_tree,7946,6,6
10,decision_tree,5777,4,4
10,decision_tree,4353,2,2
10,decision_tree,4478,2,2
10,decision_tree,9450,6,6
10,decision_tree,1569,5,5
10,decision_tree,3730,1,1
10,decision_tree,1089,5,5
10,decision_tree,5048,2,0
10,decision_tree,5916,4,4
10,decision_tree,2674,0,0
10,decision_tree,7003,4,4
10,decision_tree,6088,4,4
10,decision_tree,7940,6,6
10,decision_tree,1583,5,6
10,decision_tree,2229,0,0
10,decision_tree,6608,4,4
10,decision_tree,2905,0,0
10,decision_tree,13298,3,3
10,decision_tree,7499,6,3
10,decision_tree,6155,4,4
10,decision_tree,7910,6,3
10,decision_tree,4978,2,2
10,decision_tree,10986,3,3
10,decision_tree,9061,6,6
10,decision_tree,7264,4,4
10,decision_tree,3636,1,1
10,decision_tree,5557,4,3
10,decision_tree,11693,3,3
10,decision_tree,3898,2,6
10,decision_tree,82,5,5
10,decision_tree,233,5,5
10,decision_tree,2296,0,0
10,decision_tree,12453,3,3
10,decision_tree,7893,6,3
10,decision_tree,12658,3,3
10,decision_tree,6397,4,4
10,decision_tree,2842,0,0
10,decision_tree,12056,3,3
10,decision_tree,4585,2,2
10,decision_tree,5039,2,2
10,decision_tree,921,5,5
10,decision_tree,1993,5,5
10,decision_tree,9533,6,6
